      48.4835
      48.4607
      48.4380
      48.4152
      48.3924
      48.3697
      48.3469
      48.3241
      48.3014
      48.2786
      48.2558
      48.2331
      48.2103
      48.1876
      48.1648
      48.1420
      48.1193
      48.0965
      48.0737
      48.0510
      48.0282
      48.0054
      47.9827
      47.9599
      47.9371
      47.9144
      47.8916
      47.8688
      47.8461
      47.8233
      47.8005
      47.7777
      47.7549
      47.7322
      47.7094
      47.6866
      47.6638
      47.6410
      47.6182
      47.5954
      47.5726
      47.5498
      47.5270
      47.5042
      47.4814
