       8.7106094       8.7106094       8.7463598       9.1038532       9.1038532
       9.1753521       9.0323544       9.0323544       9.0144796       8.9966049
       8.9966049       9.0502291       9.1038532       9.1038532       9.1753521
       9.1217279       9.1217279       9.1574764       8.3352404       8.3352404
       8.3352404       8.2279930       8.3709908       8.3709908       8.3888645
       8.0492449       8.0492449       8.0492449       7.6917510       7.6917510
       8.2994919       7.1912589       7.1912589       7.1376343       8.6748610
       8.6748610       7.8883724       7.3878808       7.3878808       7.6023774
       8.2994919       8.2994919       8.8178577       9.0502291       9.0502291
       9.0323544       9.1396027       8.7821083       8.7821083       8.8893566
       8.4782381       8.4782381       8.7463598       9.1574764       9.1574764
       9.1574764       8.7106094       8.7106094       8.7106094       8.3531151
       8.3531151       8.3531151       7.6381269       7.6381269       7.6381269
       7.7096257       8.1207438       8.1207438       8.4246140       8.1564941
       8.1564941       8.2458668       8.5318623       8.5318623       7.7811246
       8.7284842       8.7284842       8.4603634       7.8526235       7.8526235
       7.8526235       7.8883724       7.8883724       7.8883724       7.5666280
       7.5666280       7.5666280       9.0681038       9.0681038       9.0681038
       9.0859785       8.6212358       8.6212358       8.6212358       8.2994919
       8.2994919       8.2994919       8.9072313       8.9072313       8.9072313
       8.7463598       8.7463598       8.7463598       8.8357325       8.7463598
       8.7463598       8.3709908       8.2994919       8.2994919       8.2994919
       8.5854864       8.5854864       8.5854864       8.7463598       8.7463598
       8.7463598       8.6033621       8.6033621       8.6033621       8.0492449
       8.0492449       8.0492449       8.5676117       8.5676117       8.5676117
       8.1564941       8.1564941       8.1564941       7.5487533       7.5487533
       7.5487533       7.9241223       8.5139875       8.5139875       8.9251060
       9.1574764       9.1574764       9.1574764       8.9429808       9.1574764
       9.1574764       8.6927347       8.9251060       8.9251060       8.9251060
       8.8714819       8.8714819       8.8714819       8.7284842       8.7284842
       8.7284842       8.1743679       8.1743679       8.1743679       7.9062476
       7.9062476       7.9062476       8.3173656       8.3173656       8.3173656
       8.5854864       8.5854864       8.5854864       8.9251060       8.7821083
       8.7821083       8.7821083       8.7284842       8.7284842       8.7284842
       7.7811246       7.7811246       7.7811246       7.4772544       7.4772544
       7.4772544       8.2816162       8.2816162       8.2816162       8.5497370
       8.9429808       8.9429808       8.9787302       8.9966049       8.9966049
       8.9966049       8.6927347       8.6927347       8.6927347       9.0144796
       9.0144796       9.0144796       8.4424887       8.4424887       8.4424887
       8.5497370       8.5497370       8.5497370       7.9956212       7.9956212
       7.9956212       8.7284842       8.5676117       8.5676117       8.0492449
       8.0849953       8.0849953       7.8347487       8.2458668       8.2458668
       8.2458668       7.5487533       7.5487533       7.5487533       8.7284842
       8.7284842       8.7284842       8.3531151       8.3531151       8.3531151
       8.3173656       8.3173656       8.3173656       9.0323544       9.0323544
       8.8893566       8.8893566       8.9429808       8.9429808       8.9429808
       8.8714819       8.8714819       8.8714819       7.9419966       8.4961128
       8.4961128       8.5318623       8.5497370       8.5497370       8.7821083
       8.4067392       8.4067392       8.4067392       8.5497370       8.5497370
       8.5497370       8.5139875       8.5139875       8.5139875       8.1386185
       8.1386185       8.1386185       7.9062476       7.9062476       7.9062476
       8.8178577       8.8178577       8.8178577       8.4782381       8.4603634
       8.4603634       8.4067392       8.4961128       8.4961128       7.4415045
       7.7989988       7.7989988       8.8536072       8.9429808       8.9429808
       8.8893566       8.4782381       8.8714819       8.8714819       8.5497370
       8.5497370       8.5497370       8.8893566       8.2458668       8.2458668
       9.1753521       9.0144796       9.0144796       9.1574764       8.9608555
       8.9608555       8.3173656       8.4424887       8.4424887       7.3878808
       7.7632499       7.7632499       7.7632499       8.1386185       7.5487533
       7.5487533       8.7284842       8.1386185       8.1386185       9.1574764
       8.9429808       8.9429808       9.0681038       8.7642336       8.7642336
       8.2994919       8.2458668       8.2458668       7.3342566       6.9231381
       6.9231381       8.9787302       8.8714819       8.8714819       8.8178577
       8.0849953       8.1743679       8.1743679       8.0134954       8.2637415
       8.2637415       9.0859785       9.0144796       9.0144796       9.1574764
       9.1574764       9.2111015       9.2111015       8.9966049       9.1396027
       9.1396027       7.9598713       7.9241223       7.9241223       8.5854864
       7.6560011       7.6560011       9.2468510       8.8893566       8.8893566
       9.1574764       9.1217279       9.1217279       8.6212358       8.7999830
       8.7999830       8.7106094       8.8893566       8.8893566       8.0134954
       8.1922426       8.1922426       8.4424887       8.4424887       7.9419966
       8.4603634       8.4603634       8.7999830       8.7999830       9.0502291
       8.5497370       8.5497370       8.4424887       8.4067392       8.4067392
       8.1922426       8.3173656       8.3173656       8.8357325       8.8357325
       8.4424887       8.4424887       8.6391106       8.0313702       8.0313702
       7.8883724       7.4951296       7.4951296       7.6381269       7.4057555
       7.4057555       7.4951296       7.4236298       7.4236298       8.0849953
       7.3878808       7.3878808       7.2806320       7.2806320       7.2806320
       7.5666280       7.5666280       7.5666280       6.8873887       6.8873887
       6.8873887       7.3342566       6.7622652       6.7622652       6.7622652
       8.5318623       8.5318623       8.5318623       8.4782381       8.4782381
       8.6569853       8.6569853       8.5854864       8.5854864       8.5854864
       8.7106094       8.4424887       8.4424887       8.8536072       8.8714819
       8.8714819       8.9966049       8.9966049       8.9966049       8.2994919
       8.2994919       8.2994919       7.5130033       7.5130033       7.5130033
       7.1912589       7.1912589       7.1912589       7.9777465       7.9777465
       8.4067392       8.0313702       8.0313702       8.2101173       8.2101173
       8.2101173       8.2994919       8.2994919       7.0661354       7.0661354
       6.7980151       7.5666280       7.5666280       7.3342566       8.9787302
       8.9787302       8.9787302       8.2637415       8.2637415       8.2279930
       9.1574764       9.1574764       8.8893566       8.8893566       9.0681038
       9.0681038       9.0681038       9.0859785       9.0859785       9.1574764
       9.2468510       9.2468510       9.1932268       8.9966049       8.9966049
       8.4246140       7.8883724       7.8883724       7.6738763       8.1207438
       8.1207438       7.7989988       8.2816162       8.2816162       7.6738763
       8.5318623       8.5318623       8.2816162       8.2816162       7.7096257
       7.7096257       8.1207438       7.2806320       7.2806320       7.1555095
       7.3700061       7.3700061       7.2448831       8.8178577       8.8178577
       8.8178577       8.6569853       8.6569853       8.4782381       8.0849953
       7.8168736       7.8168736       7.8168736       7.4415045       7.4415045
       7.4415045       7.3163819       7.3163819       7.3163819       7.1733842
       7.1733842       7.1733842       7.1376343       7.1376343       7.1376343
       7.1733842       7.1018853       7.1018853       7.2270083       7.2448831
       7.2448831       7.2448831       8.5497370       8.5497370       8.5497370
       8.4603634       8.4603634       8.4603634       8.2994919       8.2994919
       8.2994919       8.7999830       8.7999830       8.7999830       8.3709908
       8.3709908       8.3709908       7.6738763       7.6738763       7.6738763
       7.6381269       7.6381269       7.6381269       8.5139875       8.5139875
       7.1197605       7.2448831       7.0482616       7.0482616       7.0661354
       7.0482616       7.0482616       7.0482616       7.3700061       7.3700061
       7.2627578       8.4067392       8.4067392       8.4067392       7.5666280
       7.5666280       7.5666280       7.4415045       7.4415045       7.4415045
       8.3173656       8.3173656       8.3173656       9.0144796       9.0144796
       9.0144796       8.9787302       8.9787302       8.9787302       8.9608555
       8.9608555       8.9608555       9.2826004       8.6391106       8.6391106
       8.5497370       7.5130033       7.5130033       7.7275000       7.8526235
       7.8526235       7.7989988       8.1028690       8.1028690       8.1028690
       7.1555095       7.0840106       7.0840106       7.0661354       7.0482616
       7.0482616       7.0482616       7.1018853       7.1018853       7.1018853
       7.1912589       7.1912589       7.1912589       7.2627578       7.2627578
       7.2627578       7.1912589       7.1912589       7.1912589       7.8704977
       7.8704977       7.8704977       8.4424887       8.4424887       8.4424887
       9.0502291       9.0502291       9.0502291       8.7642336       8.5318623
       8.5318623       8.5318623       7.8704977       7.8704977       7.8704977
       7.4772544       7.4772544       7.4772544       7.4951296       7.4951296
       7.4951296       7.2270083       7.2270083       7.2270083       9.4077234
       7.4415045       7.4415045       7.4415045       7.3163819       7.3163819
       7.3163819       7.1733842       7.1733842       7.1733842       7.1376343
       7.1376343       7.1376343       7.1733842       7.1018853       7.1018853
       7.2270083       7.2448831       7.2448831       7.2448831       8.5497370
       8.5497370       8.5497370       8.4603634       8.4603634       8.4603634
       8.2994919       8.2994919       8.2994919       8.7999830       8.7999830
       8.7999830       8.3709908       8.3709908       8.3709908       7.6738763
       7.6738763       7.6738763       7.6381269       7.6381269       7.6381269
       8.5139875       8.5139875       8.5139875       9.5507212       9.5507212
       7.0840106       7.0840106       7.0661354       7.0661354       7.0661354
       7.0661354       7.1555095       7.1555095       7.1555095       7.0840106
       8.0492449       8.0492449       7.4236298       7.5487533       7.5487533
       7.7096257       8.2458668       8.2458668       7.9062476       8.6569853
       8.6569853       8.3531151       9.0323544       9.0323544       8.8178577
       9.2289753       9.2289753       9.2289753       9.0502291       9.0502291
       9.0502291       8.0492449       8.0492449       8.0492449       7.9419966
       7.9419966       7.9419966       7.5666280       7.5666280       7.5666280
       8.2101173       8.2101173       8.2101173       8.0313702       8.0313702
       7.0482616       7.0482616       7.0661354       7.0482616       7.0482616
       7.0482616       7.3700061       7.3700061       7.2627578       8.4067392
       8.4067392       8.4067392       7.5666280       7.5666280       7.5666280
       7.4415045       7.4415045       7.4415045       8.3173656       8.3173656
       8.3173656       9.0144796       9.0144796       9.0144796       8.9787302
       8.9787302       8.9787302       8.9608555       8.9608555       8.9608555
       9.2826004       8.6391106       8.6391106       8.5497370       7.5130033
       7.5130033       7.7275000       7.8526235       7.8526235       7.7989988
       8.1028690       8.1028690       8.1028690       7.5845022       7.5845022
       7.4951296       7.4951296       7.1555095       7.1555095       7.1555095
       7.1376343       7.1376343       7.1376343       8.1564941       8.1564941
       8.1564941       7.9241223       7.9241223       8.2458668       8.1743679
       8.1743679       8.2994919       8.9072313       8.9072313       9.0681038
       9.0681038       9.0859785       9.3183489       9.3183489       7.7096257
       7.7096257       7.6917510       7.8347487       7.8347487       8.1743679
       8.0849953       8.0849953       8.0134954       8.4067392       8.4067392
       8.0849953       7.6560011       7.6560011       7.7096257       7.6381269
       7.6381269       7.3878808       7.5130033       7.5130033       7.5487533
       7.2806320       7.1197605       7.1197605       7.1197605       7.0840106
       7.0840106       7.1197605       7.1197605       8.0492449       8.4067392
       8.4067392       7.7989988       7.7989988       7.8704977       7.6023774
       7.6023774       7.9062476       8.3888645       8.3888645       8.7106094
       8.3709908       8.3709908       8.6569853       8.0134954       8.0134954
       7.8883724       7.8526235       7.8526235       8.1386185       8.6033621
       8.6033621       8.5497370       8.1028690       8.1028690       8.5497370
       7.8168736       7.8168736       8.0492449       7.8526235       7.8526235
       7.7275000       7.4415045       7.4415045       7.2985072       6.5298948
       7.0661354       7.0661354       7.0661354       7.1555095       7.1555095
       7.1555095       7.0840106       8.0492449       8.0492449       7.4236298
       7.5487533       7.5487533       7.7096257       8.2458668       8.2458668
       7.9062476       8.6569853       8.6569853       8.3531151       9.0323544
       9.0323544       8.8178577       9.2289753       9.2289753       9.2289753
       9.0502291       9.0502291       9.0502291       8.0492449       8.0492449
       8.0492449       7.9419966       7.9419966       7.9419966       7.5666280
       7.5666280       7.5666280       8.2101173       8.2101173       8.2101173
       8.0313702       8.0313702       8.0313702       8.0134954       7.6023774
       7.9062476       7.1733842       7.1555095       7.1555095       7.1555095
       7.1912589       7.1912589       7.6381269       7.4236298       7.4236298
       8.4067392       8.0671196       8.0671196       8.9429808       8.9429808
       9.1038532       9.1932268       9.1932268       9.0144796       9.0144796
       9.0323544       9.1038532       9.1038532       8.7999830       8.7999830
       8.7999830       7.8168736       7.9062476       7.9062476       8.6033621
       8.3352404       8.3352404       8.0134954       7.6560011       7.6560011
       7.4593797       7.0840106       7.0840106       7.4415045       7.2091331
       7.2091331       7.9241223       7.9598713       7.9598713       7.1376343
       7.1555095       7.1555095       7.1555095       7.1376343       7.1376343
       7.1376343       8.1564941       8.1564941       8.1564941       7.9241223
       7.9241223       8.2458668       8.1743679       8.1743679       8.2994919
       8.9072313       8.9072313       9.0681038       9.0681038       9.0859785
       9.3183489       9.3183489       7.7096257       7.7096257       7.6917510
       7.8347487       7.8347487       8.1743679       8.0849953       8.0849953
       8.0134954       8.4067392       8.4067392       8.0849953       7.6560011
       7.6560011       7.7096257       7.6381269       7.6381269       7.3878808
       7.5130033       7.5130033       7.5487533       7.9419966       7.9419966
       7.1733842       7.1733842       7.4951296       7.4951296       7.4951296
       7.3700061       7.7096257       7.7096257       7.9241223       8.1564941
       8.1564941       9.0681038       8.8714819       8.8714819       9.0681038
       9.2289753       9.2289753       9.1753521       8.9608555       8.9608555
       8.9429808       8.8357325       8.8357325       8.5139875       8.5854864
       8.5854864       8.0134954       7.6560011       7.6560011       7.3878808
       7.3878808       7.3878808       7.3878808       6.9767628       6.9767628
       6.9767628       6.8873887       6.8873887       6.8873887       7.1733842
       7.1733842       7.1733842       7.3521309       7.3521309       7.3521309
       7.1555095       7.1555095       7.1912589       7.1912589       7.6381269
       7.4236298       7.4236298       8.4067392       8.0671196       8.0671196
       8.9429808       8.9429808       9.1038532       9.1932268       9.1932268
       9.0144796       9.0144796       9.0323544       9.1038532       9.1038532
       8.7999830       8.7999830       8.7999830       7.8168736       7.9062476
       7.9062476       8.6033621       8.3352404       8.3352404       8.0134954
       7.6560011       7.6560011       7.4593797       7.0840106       7.0840106
       7.4415045       7.2091331       7.2091331       7.9241223       7.9598713
       7.9598713       7.1376343       7.0303864       7.0303864       8.0492449
       8.2458668       8.6927347       8.6927347       8.6927347       9.0502291
       9.0502291       9.0502291       8.7284842       8.7284842       8.7284842
       8.5497370       8.5497370       8.5497370       8.9608555       8.9608555
       8.9608555       8.4424887       8.2637415       8.2637415       8.5318623
       8.5854864       8.5854864       7.7989988       7.7096257       7.7096257
       7.6560011       7.3342566       7.3342566       8.1386185       7.7811246
       7.7811246       7.0661354       7.6202521       7.6202521       7.6202521
       6.9588876       6.9588876       6.9588876       7.0125117       7.0125117
       7.0125117       7.6560011       7.6560011       7.6560011       8.8357325
       7.4951296       7.4951296       7.4951296       7.3700061       7.7096257
       7.7096257       7.9241223       8.1564941       8.1564941       9.0681038
       8.8714819       8.8714819       9.0681038       9.2289753       9.2289753
       9.1753521       8.9608555       8.9608555       8.9429808       8.8357325
       8.8357325       8.5139875       8.5854864       8.5854864       8.0134954
       7.6560011       7.6560011       7.3878808       7.3878808       7.3878808
       7.3878808       6.9767628       6.9767628       6.9767628       6.8873887
       6.8873887       6.8873887       7.1733842       7.1733842       7.1733842
       7.3521309       7.3521309       7.3521309       8.5139875       8.5139875
       8.8536072       9.3540993       9.3540993       9.3540993       8.9072313
       9.1753521       9.1753521       9.1753521       8.8714819       8.8714819
       8.8714819       8.1207438       8.1207438       8.1207438       7.9241223
       7.9241223       7.9241223       7.7453752       7.7453752       7.7453752
       8.0849953       8.0849953       8.0849953       7.9598713       7.9598713
       7.9598713       7.3521309       7.3521309       7.3521309       7.1912589
       7.1912589       7.1912589       7.3700061       7.3700061       7.3700061
       6.8695140       6.8695140       6.8695140       7.6202521       7.6202521
       7.6202521       8.9251060       8.9251060       8.9251060       9.1932268
       8.6927347       9.0502291       9.0502291       9.0502291       8.7284842
       8.7284842       8.7284842       8.5497370       8.5497370       8.5497370
       8.9608555       8.9608555       8.9608555       8.4424887       8.2637415
       8.2637415       8.5318623       8.5854864       8.5854864       7.7989988
       7.7096257       7.7096257       7.6560011       7.3342566       7.3342566
       8.1386185       7.7811246       7.7811246       7.0661354       7.6202521
       7.6202521       7.6202521       6.9588876       6.9588876       6.9588876
       7.0125117       7.0125117       7.0125117       7.6560011       7.6560011
       7.6560011       8.8357325       8.8357325       8.8357325       9.1932268
       9.3540993       9.3540993       8.9072313       9.1753521       9.1753521
       9.1753521       8.8714819       8.8714819       8.8714819       8.1207438
       8.1207438       8.1207438       7.9241223       7.9241223       7.9241223
       7.7453752       7.7453752       7.7453752       8.0849953       8.0849953
       8.0849953       7.9598713       7.9598713       7.9598713       7.3521309
       7.3521309       7.3521309       7.1912589       7.1912589       7.1912589
       7.3700061       7.3700061       7.3700061       6.8695140       6.8695140
       6.8695140       7.6202521       7.6202521       7.6202521       8.9251060
       8.9251060       8.9251060       9.1932268       9.1932268       9.1932268
       9.0502291       9.0502291       9.0502291       8.9251060       8.4246140
       8.4246140       8.2101173       8.1922426       8.1922426       7.7811246
       7.7989988       7.7989988       7.7989988       7.4593797       7.4593797
       7.4593797       8.2279930       8.2279930       8.2279930       7.9241223
       7.9241223       7.9241223       7.1912589       7.1912589       7.1912589
       6.9767628       6.9767628       6.9767628       7.4593797       7.4593797
       7.4593797       8.2101173       8.2101173       8.2101173       7.7632499
       7.7632499       7.7632499       8.6212358       8.6212358       8.6212358
       9.2647257       9.2647257       9.2647257       9.2826004       9.2826004
       9.1753521       9.1753521       9.1753521       8.8714819       8.8714819
       8.8714819       8.1207438       8.1207438       8.1207438       7.9241223
       7.9241223       7.9241223       7.7453752       7.7453752       7.7453752
       8.0849953       8.0849953       8.0849953       7.9598713       7.9598713
       7.9598713       7.3521309       7.3521309       7.3521309       7.1912589
       7.1912589       7.1912589       7.3700061       7.3700061       7.3700061
       6.8695140       6.8695140       6.8695140       7.6202521       7.6202521
       7.6202521       8.9251060       8.9251060       8.9251060       9.1932268
       9.1932268       9.1932268       9.2289753       9.2289753       9.2289753
       8.2101173       8.2101173       7.7096257       7.7096257       7.7096257
       8.1028690       8.1028690       8.1028690       8.4782381       8.4782381
       8.4782381       7.8526235       7.8526235       7.8526235       7.8883724
       7.8883724       7.8883724       8.0492449       8.0134954       8.0134954
       7.6738763       7.4415045       7.4415045       7.5308785       7.4951296
       7.4951296       8.1207438       8.3173656       8.3173656       8.5854864
       8.3709908       8.3709908       8.4424887       8.1386185       8.1386185
       8.4961128       8.3352404       8.3352404       8.6569853       9.3183489
       9.3183489       9.3540993       9.3362246       9.3362246       9.3362246
       9.0502291       8.9251060       8.4246140       8.4246140       8.2101173
       8.1922426       8.1922426       7.7811246       7.7989988       7.7989988
       7.7989988       7.4593797       7.4593797       7.4593797       8.2279930
       8.2279930       8.2279930       7.9241223       7.9241223       7.9241223
       7.1912589       7.1912589       7.1912589       6.9767628       6.9767628
       6.9767628       7.4593797       7.4593797       7.4593797       8.2101173
       8.2101173       8.2101173       7.7632499       7.7632499       7.7632499
       8.6212358       8.6212358       8.6212358       9.2647257       9.2647257
       9.2647257       9.2826004       9.2826004       9.2826004       9.2289753
       7.7096257       7.7096257       8.1028690       8.1028690       8.1028690
       8.4782381       8.4782381       8.4782381       7.8526235       7.8526235
       7.8526235       7.8883724       7.8883724       7.8883724       8.0492449
       8.0134954       8.0134954       7.6738763       7.4415045       7.4415045
       7.5308785       7.4951296       7.4951296       8.1207438       8.3173656
       8.3173656       8.5854864       8.3709908       8.3709908       8.4424887
       8.1386185       8.1386185       8.4961128       8.3352404       8.3352404
       8.6569853       9.3183489       9.3183489       9.3540993       9.3362246
       9.3362246       9.3362246       9.3004742       9.3004742       9.2647257
       8.3352404       7.8526235       7.8526235       7.7453752       7.7811246
       7.7811246       7.9598713       8.5497370       8.5497370       8.1386185
       7.3700061       7.3700061       7.6202521       7.2806320       7.2806320
       7.2448831       7.2448831       7.5666280       7.2270083       7.2270083
       9.0144796       9.0144796       9.1396027       9.0859785       9.0859785
       9.0144796       8.8893566       8.8893566       8.8536072       8.5497370
       8.5497370       8.4424887       9.1753521       9.1753521       9.3719730
       9.3183489       9.3183489       9.3183489       9.3362246       9.3362246
       9.3362246       9.1932268       9.1932268       9.1932268       9.1932268
       8.1028690       8.1028690       8.1028690       8.4782381       8.4782381
       8.4782381       7.8526235       7.8526235       7.8526235       7.8883724
       7.8883724       7.8883724       8.0492449       8.0134954       8.0134954
       7.6738763       7.4415045       7.4415045       7.5308785       7.4951296
       7.4951296       8.1207438       8.3173656       8.3173656       8.5854864
       8.3709908       8.3709908       8.4424887       8.1386185       8.1386185
       8.4961128       8.3352404       8.3352404       8.6569853       9.3183489
       9.3183489       9.3540993       9.3362246       9.3362246       9.3362246
       9.3004742       9.3004742       9.2647257       9.3362246       9.3362246
       7.7453752       7.7811246       7.7811246       7.9598713       8.5497370
       8.5497370       8.1386185       7.3700061       7.3700061       7.6202521
       7.2806320       7.2806320       7.2448831       7.2448831       7.5666280
       7.2270083       7.2270083       9.0144796       9.0144796       9.1396027
       9.0859785       9.0859785       9.0144796       8.8893566       8.8893566
       8.8536072       8.5497370       8.5497370       8.4424887       9.1753521
       9.1753521       9.3719730       9.3183489       9.3183489       9.3183489
       9.3362246       9.3362246       9.3362246       9.1932268       9.1932268
       9.1932268       9.1932268       9.1932268       9.1932268       9.2468510
       8.1743679       8.1743679       8.1743679       7.5666280       7.5666280
       7.5666280       7.9598713       7.9598713       7.9598713       7.5308785
       7.5308785       7.5308785       7.6738763       7.6738763       7.6738763
       9.1932268       9.1932268       9.1932268       8.9787302       8.9787302
       8.9787302       8.7642336       8.7642336       8.7642336       9.2111015
       9.2111015       9.2111015       9.3719730       9.4077234       9.4077234
       9.4077234       9.3362246       9.3362246       9.3362246       9.3362246
       9.3362246       9.1038532       9.1038532       9.1574764       9.1038532
       9.1038532       9.1038532       9.1753521       9.1396027       9.1396027
       7.7811246       7.9598713       8.5497370       8.5497370       8.1386185
       7.3700061       7.3700061       7.6202521       7.2806320       7.2806320
       7.2448831       7.2448831       7.5666280       7.2270083       7.2270083
       9.0144796       9.0144796       9.1396027       9.0859785       9.0859785
       9.0144796       8.8893566       8.8893566       8.8536072       8.5497370
       8.5497370       8.4424887       9.1753521       9.1753521       9.3719730
       9.3183489       9.3183489       9.3183489       9.3362246       9.3362246
       9.3362246       9.1932268       9.1932268       9.1932268       9.1932268
       9.1932268       9.1932268       9.2468510       9.2289753       9.2289753
       7.5666280       7.5666280       7.5666280       7.9598713       7.9598713
       7.9598713       7.5308785       7.5308785       7.5308785       7.6738763
       7.6738763       7.6738763       9.1932268       9.1932268       9.1932268
       8.9787302       8.9787302       8.9787302       8.7642336       8.7642336
       8.7642336       9.2111015       9.2111015       9.2111015       9.3719730
       9.4077234       9.4077234       9.4077234       9.3362246       9.3362246
       9.3362246       9.3362246       9.3362246       9.1038532       9.1038532
       9.1574764       9.1038532       9.1038532       9.1038532       9.1753521
       9.1396027       9.1396027       9.1932268       9.1574764       9.1574764
       7.4772544       7.4772544       7.2627578       7.2806320       7.2806320
       7.9241223       7.9419966       7.9419966       9.3004742       9.2468510
       9.2468510       9.3362246       9.2111015       9.2111015       9.2289753
       9.1932268       9.1932268       9.1932268       9.2289753       9.2289753
       9.3898478       9.4077234       9.4077234       9.4077234       9.3540993
       9.3540993       9.3004742       9.3183489       9.3183489       9.2647257
       9.2111015       9.2111015       9.1038532       9.1038532       9.1038532
       9.1396027       9.1038532       9.1038532       9.0859785       9.1038532
       9.1038532       9.0681038       9.0681038       9.0681038       8.7821083
       7.5666280       7.9598713       7.9598713       7.9598713       7.5308785
       7.5308785       7.5308785       7.6738763       7.6738763       7.6738763
       9.1932268       9.1932268       9.1932268       8.9787302       8.9787302
       8.9787302       8.7642336       8.7642336       8.7642336       9.2111015
       9.2111015       9.2111015       9.3719730       9.4077234       9.4077234
       9.4077234       9.3362246       9.3362246       9.3362246       9.3362246
       9.3362246       9.1038532       9.1038532       9.1574764       9.1038532
       9.1038532       9.1038532       9.1753521       9.1396027       9.1396027
       9.1932268       9.1574764       9.1574764       9.0681038       8.9429808
       7.2806320       7.2806320       7.9241223       7.9419966       7.9419966
       9.3004742       9.2468510       9.2468510       9.3362246       9.2111015
       9.2111015       9.2289753       9.1932268       9.1932268       9.1932268
       9.2289753       9.2289753       9.3898478       9.4077234       9.4077234
       9.4077234       9.3540993       9.3540993       9.3004742       9.3183489
       9.3183489       9.2647257       9.2111015       9.2111015       9.1038532
       9.1038532       9.1038532       9.1396027       9.1038532       9.1038532
       9.0859785       9.1038532       9.1038532       9.0681038       9.0681038
       9.0681038       8.7821083       8.7821083       8.7821083       8.9608555
       7.7275000       8.7463598       8.7463598       8.7463598       9.0681038
       9.0681038       9.0681038       9.1574764       9.1574764       9.1574764
       9.2826004       9.2826004       9.2826004       9.2468510       9.2468510
       9.2468510       9.1217279       9.1217279       9.1217279       9.1217279
       9.1217279       9.1217279       9.2289753       9.2289753       9.2289753
       9.1932268       9.1932268       9.1932268       9.0502291       9.0502291
       9.0502291       9.1753521       9.1753521       9.1753521       9.1574764
       9.1574764       9.1574764       9.1217279       9.1217279       9.1217279
       8.9251060       8.9251060       8.9251060       8.9251060       8.9251060
       7.9241223       7.9419966       7.9419966       9.3004742       9.2468510
       9.2468510       9.3362246       9.2111015       9.2111015       9.2289753
       9.1932268       9.1932268       9.1932268       9.2289753       9.2289753
       9.3898478       9.4077234       9.4077234       9.4077234       9.3540993
       9.3540993       9.3004742       9.3183489       9.3183489       9.2647257
       9.2111015       9.2111015       9.1038532       9.1038532       9.1038532
       9.1396027       9.1038532       9.1038532       9.0859785       9.1038532
       9.1038532       9.0681038       9.0681038       9.0681038       8.7821083
       8.7821083       8.7821083       8.9608555       8.9608555       8.9608555
       8.7463598       9.0681038       9.0681038       9.0681038       9.1574764
       9.1574764       9.1574764       9.2826004       9.2826004       9.2826004
       9.2468510       9.2468510       9.2468510       9.1217279       9.1217279
       9.1217279       9.1217279       9.1217279       9.1217279       9.2289753
       9.2289753       9.2289753       9.1932268       9.1932268       9.1932268
       9.0502291       9.0502291       9.0502291       9.1753521       9.1753521
       9.1753521       9.1574764       9.1574764       9.1574764       9.1217279
       9.1217279       9.1217279       8.9251060       8.9251060       8.9251060
       8.9251060       8.9251060       8.9251060       8.7642336       8.7642336
       9.0681038       9.0681038       9.1574764       9.1574764       9.1574764
       9.2826004       9.2826004       9.2826004       9.2468510       9.2468510
       9.2468510       9.1217279       9.1217279       9.1217279       9.1217279
       9.1217279       9.1217279       9.2289753       9.2289753       9.2289753
       9.1932268       9.1932268       9.1932268       9.0502291       9.0502291
       9.0502291       9.1753521       9.1753521       9.1753521       9.1574764
       9.1574764       9.1574764       9.1217279       9.1217279       9.1217279
       8.9251060       8.9251060       8.9251060       8.9251060       8.9251060
       8.9251060       8.7642336       8.7642336       8.7642336       8.6748610
       9.1038532       9.1038532       9.1038532       9.3362246       9.3362246
       9.3362246       9.2468510       9.2468510       9.2468510       8.9787302
       8.9787302       8.9787302       8.7463598       8.7463598       8.7463598
       8.9072313       8.9072313       8.9072313       9.0323544       9.0323544
       9.0323544       8.9251060       8.9251060       8.9251060       9.0502291
       9.0502291       9.0502291       9.1038532       9.1038532       9.1038532
       8.9966049       8.9966049       8.9251060       8.7999830       8.7999830
       8.7999830       8.7106094       8.7106094       8.7463598       8.7284842
       8.7284842       8.7106094       8.8178577       8.8178577       8.7821083
       9.1574764       9.1574764       9.2826004       9.2826004       9.2826004
       9.2468510       9.2468510       9.2468510       9.1217279       9.1217279
       9.1217279       9.1217279       9.1217279       9.1217279       9.2289753
       9.2289753       9.2289753       9.1932268       9.1932268       9.1932268
       9.0502291       9.0502291       9.0502291       9.1753521       9.1753521
       9.1753521       9.1574764       9.1574764       9.1574764       9.1217279
       9.1217279       9.1217279       8.9251060       8.9251060       8.9251060
       8.9251060       8.9251060       8.9251060       8.7642336       8.7642336
       8.7642336       8.6748610       8.6748610       8.6748610       8.7821083
       9.1038532       9.3362246       9.3362246       9.3362246       9.2468510
       9.2468510       9.2468510       8.9787302       8.9787302       8.9787302
       8.7463598       8.7463598       8.7463598       8.9072313       8.9072313
       8.9072313       9.0323544       9.0323544       9.0323544       8.9251060
       8.9251060       8.9251060       9.0502291       9.0502291       9.0502291
       9.1038532       9.1038532       9.1038532       8.9966049       8.9966049
       8.9251060       8.7999830       8.7999830       8.7999830       8.7106094
       8.7106094       8.7463598       8.7284842       8.7284842       8.7106094
       8.8178577       8.8178577       8.7821083       8.7642336       8.7642336
       9.3362246       9.2468510       9.2468510       9.2468510       8.9787302
       8.9787302       8.9787302       8.7463598       8.7463598       8.7463598
       8.9072313       8.9072313       8.9072313       9.0323544       9.0323544
       9.0323544       8.9251060       8.9251060       8.9251060       9.0502291
       9.0502291       9.0502291       9.1038532       9.1038532       9.1038532
       8.9966049       8.9966049       8.9251060       8.7999830       8.7999830
       8.7999830       8.7106094       8.7106094       8.7463598       8.7284842
       8.7284842       8.7106094       8.8178577       8.8178577       8.7821083
       8.7642336       8.7642336       8.7642336       8.7642336       8.7642336
       9.1217279       9.1217279       8.9787302       8.9787302       8.9787302
       8.8893566       8.8893566       8.8893566       8.6391106       8.6391106
       8.6391106       8.8178577       8.8178577       8.8178577       8.9608555
       8.9608555       8.9608555       8.9072313       8.9072313       8.9072313
       8.8178577       8.8178577       8.8178577       8.9608555       8.9608555
       8.9608555       8.8178577       8.8178577       8.8893566       8.7463598
       8.7463598       8.7284842       8.7106094       8.7106094       8.7463598
       8.7999830       8.7999830       8.8357325       8.7642336       8.7642336
       8.7642336       8.6927347       8.6927347       8.6927347       8.5676117
       9.2468510       9.2468510       8.9787302       8.9787302       8.9787302
       8.7463598       8.7463598       8.7463598       8.9072313       8.9072313
       8.9072313       9.0323544       9.0323544       9.0323544       8.9251060
       8.9251060       8.9251060       9.0502291       9.0502291       9.0502291
       9.1038532       9.1038532       9.1038532       8.9966049       8.9966049
       8.9251060       8.7999830       8.7999830       8.7999830       8.7106094
       8.7106094       8.7463598       8.7284842       8.7284842       8.7106094
       8.8178577       8.8178577       8.7821083       8.7642336       8.7642336
       8.7642336       8.7642336       8.7642336       8.5854864       8.5854864
       8.9787302       8.9787302       8.8893566       8.8893566       8.8893566
       8.6391106       8.6391106       8.6391106       8.8178577       8.8178577
       8.8178577       8.9608555       8.9608555       8.9608555       8.9072313
       8.9072313       8.9072313       8.8178577       8.8178577       8.8178577
       8.9608555       8.9608555       8.9608555       8.8178577       8.8178577
       8.8893566       8.7463598       8.7463598       8.7284842       8.7106094
       8.7106094       8.7463598       8.7999830       8.7999830       8.8357325
       8.7642336       8.7642336       8.7642336       8.6927347       8.6927347
       8.6927347       8.5676117       8.5676117       8.5676117       7.5487533
       8.8893566       8.8893566       8.8893566       8.6391106       8.6391106
       8.6391106       8.8178577       8.8178577       8.8178577       8.9608555
       8.9608555       8.9608555       8.9072313       8.9072313       8.9072313
       8.8178577       8.8178577       8.8178577       8.9608555       8.9608555
       8.9608555       8.8178577       8.8178577       8.8893566       8.7463598
       8.7463598       8.7284842       8.7106094       8.7106094       8.7463598
       8.7999830       8.7999830       8.8357325       8.7642336       8.7642336
       8.7642336       8.6927347       8.6927347       8.6927347       8.5676117
       8.5676117       8.5676117       7.5487533       7.7632499       7.7632499
       8.8893566       8.6391106       8.6391106       8.6391106       8.8178577
       8.8178577       8.8178577       8.9608555       8.9608555       8.9608555
       8.9072313       8.9072313       8.9072313       8.8178577       8.8178577
       8.8178577       8.9608555       8.9608555       8.9608555       8.8178577
       8.8178577       8.8893566       8.7463598       8.7463598       8.7284842
       8.7106094       8.7106094       8.7463598       8.7999830       8.7999830
       8.8357325       8.7642336       8.7642336       8.7642336       8.6927347
       8.6927347       8.6927347       8.5676117       8.5676117       8.5676117
       7.5487533       7.7632499       7.7632499       6.8873887       6.9410129
       8.6391106       8.8178577       8.8178577       8.8178577       8.9608555
       8.9608555       8.9608555       8.9072313       8.9072313       8.9072313
       8.8178577       8.8178577       8.8178577       8.9608555       8.9608555
       8.9608555       8.8178577       8.8178577       8.8893566       8.7463598
       8.7463598       8.7284842       8.7106094       8.7106094       8.7463598
       8.7999830       8.7999830       8.8357325       8.7642336       8.7642336
       8.7642336       8.6927347       8.6927347       8.6927347       8.5676117
       8.5676117       8.5676117       7.5487533       7.7632499       7.7632499
       6.8873887       6.9410129       6.9410129       6.6013937       6.7622652
       8.8178577       8.8178577       8.9608555       8.9608555       8.9608555
       8.9072313       8.9072313       8.9072313       8.8178577       8.8178577
       8.8178577       8.9608555       8.9608555       8.9608555       8.8178577
       8.8178577       8.8893566       8.7463598       8.7463598       8.7284842
       8.7106094       8.7106094       8.7463598       8.7999830       8.7999830
       8.8357325       8.7642336       8.7642336       8.7642336       8.6927347
       8.6927347       8.6927347       8.5676117       8.5676117       8.5676117
       7.5487533       7.7632499       7.7632499       6.8873887       6.9410129
       6.9410129       6.6013937       6.7622652       6.7622652       6.8695140
       8.9608555       8.9608555       8.9072313       8.9072313       8.9072313
       8.8178577       8.8178577       8.8178577       8.9608555       8.9608555
       8.9608555       8.8178577       8.8178577       8.8893566       8.7463598
       8.7463598       8.7284842       8.7106094       8.7106094       8.7463598
       8.7999830       8.7999830       8.8357325       8.7642336       8.7642336
       8.7642336       8.6927347       8.6927347       8.6927347       8.5676117
       8.5676117       8.5676117       7.5487533       7.7632499       7.7632499
       6.8873887       6.9410129       6.9410129       6.6013937       6.7622652
       6.7622652       6.8695140       6.8695140       6.8695140       6.7801404
